【Goodhao's 扫雷AI】
程序会读取文件当做扫雷地图。
文件名：map.txt
格式：
-2,1, 0, 0, 1,-2, 2, 1, 1,
1, 1, 0, 0, 1, 1, 2,-2, 1,
1, 1, 0, 0, 0, 0, 1, 1, 1,
-2, 1, 0, 0, 0, 1, 1, 1, 0,
1, 1, 0, 1, 1, 3,-2, 4, 2,
0, 0, 0, 1,-2, 3,-2,-2,-2,
0, 0, 0, 1, 1, 2, 3,-1,-1,
0, 0, 0, 0, 0, 0, 1,-1,-1,
0, 0, 0, 0, 0, 0, 1,-1,-1

表示当前9x9的扫雷地图，0代表没有数字的格字，-1代表未点开的格子，-2表示被标记旗子的格子，其余数字代表相应数字的格子。
打开扫雷，点开一格，输入当前地图到map.txt，然后运行程序，将显示提示语:
please sign [x, y]   让你给某一坐标的格子标记（sign）成旗子，
This minefield of [x, y]：ok 表示以(x,y)坐标为中心的9宫格内的未知格子都可以点开

然后按照提示语进行操作，之后再更新地图，重复上述步骤。

希望有高人能将实现【自动截取扫雷地图并将图像转换为本AI可利用的格式】的代码。
因为——+我不相信会有人每次点击后重新输入一遍新地图(╯▽╰)+
